# Created by Octave 3.8.0, Fri Dec 25 00:16:09 2015 CST <mdfaroque@Mds-MacBook-Pro.local>
# name: v
# type: matrix
# rows: 5
# columns: 1
 0.9941195721598768
 0.7678064284080254
 0.6364896577254547
 0.3160749729618316
 0.4341846835841485


